RMSProp (Vanilla) Test Results
loss: 1.1114498615264892
acc: 70.625
f1: 0.6996926400714605
precision: 0.7038589378101573
recall: 0.6959855919307008
auc: nan
kappa: 0.5124086171402635

PRMSPropW Test Results
loss: 1.9805166244506835
acc: 71.5625
f1: 0.6950322580645162
precision: 0.7081337013624968
recall: 0.6854185363664742
auc: nan
kappa: 0.524214103653356
